5296
5480
5239
5160
5018
5150
5317
4894
4801
5292
5271
4670
5276
4694
4898
5276
5194
4972
4983
5250
4945
4767
5165
5433
5562
4860
5487
5458
4959
5071
4997
4724
5425
5026
5334
4922
5193
5144
4995
5363
4687
4657
5244
5187
4815
5205
4713
5235
4880
5457
5678
5010
4988
5043
4978
5582
4669
4997
5346
5133
4995
5139
5389
4979
5089
4882
5183
4638
4930
5272
4844
4581
5372
4806
4923
5104
5127
5001
5395
5198
4997
5132
5241
5036
5496
4500
4929
5147
4620
5160
5199
4251
5007
5348
5512
5342
4797
5289
5024
4220
5217
4776
5429
4906
5113
5095
5763
5211
5057
5331
5363
5623
5451
4533
4733
4860
4952
4639
4771
4550
5155
4923
5282
5162
5110
5035
4794
4825
5069
4919
4935
5246
5238
4522
4864
4890
5110
5473
4809
4983
5544
4876
4644
5014
5466
4734
5341
4647
5171
5152
5405
5276
5467
5386
4803
5153
5159
5305
5064
4882
4858
4997
5149
4653
5431
5314
5113
4762
4925
4928
5541
4793
4318
4694
5018
4606
4781
5023
5077
5991
5169
4741
4589
4635
5292
5158
5701
5226
5172
5651
4945
4970
5019
5608
5059
4358
5259
4725
4860
5384
5070
4844
5202
4696
5663
4774
5092
5102
5112
4751
4823
5451
5091
5270
4399
5225
4515
5141
5107
4645
4473
5035
5266
4930
5225
5246
5148
4620
4794
5099
5123
5267
5435
4999
5105
5202
5670
4914
5016
5029
5266
5288
5249
5329
5400
5261
4760
5248
5166
5412
5035
5023
5147
4592
4662
5146
4914
4282
5567
5890
5393
4720
4894
5167
5488
4961
4904
5332
5220
5195
5183
5186
4996
5133
4827
5415
5211
5374
4995
5151
4294
4716
5099
5552
4633
5005
4890
5408
5021
5511
4460
5321
4825
5547
5330
5302
4551
5196
4757
5375
5400
5131
5294
4392
4901
5304
4937
5332
5114
4884
4809
4676
5050
4868
4692
4737
5357
5024
4604
5117
5268
5155
5274
5469
5303
5277
4673
5105
5200
5240
5537
5378
4895
5411
5158
5410
5400
4987
4566
4757
4962
5445
5368
5142
4980
5078
4635
4851
5238
5287
4813
5183
4482
5481
5347
5292
4654
5216
5161
5043
5280
5296
5525
4587
5489
5454
5063
4949
5195
5310
4851
4541
5211
4544
4895
5131
4794
4845
5089
5491
5132
4871
5398
4854
5002
5150
5028
5235
4668
4533
4832
4846
5178
5092
4778
5369
4913
5322
4797
5166
4717
4749
5096
4938
5421
5455
5176
4907
5011
5554
5078
5382
5053
4749
4916
5011
4976
5171
5166
4630
5101
4789
5008
4431
4862
4977
5197
5048
5132
4731
4806
4957
4949
5253
5398
4820
5366
4486
4830
4542
5210
5172
4782
4641
5302
4880
4678
4969
5361
4852
5019
4892
4903
4899
4301
5026
4517
5061
5123
5101
5309
4883
4899
4974
5409
5571
4717
4780
5107
5245
5352
4977
4607
4842
4677
5213
5340
5130
5155
5384
5099
5241
4620
4855
5116
5356
4978
4751
5121
4649
4926
5510
4917
4842
5106
5008
5250
5061
4726
4859
5180
5134
4978
5618
4976
5110
4897
5006
5449
4887
5198
5026
5005
5012
4921
5023
4804
5133
5129
4646
5511
5093
5005
5178
4839
5225
4706
5132
5442
5249
5272
4604
5183
4730
4972
4918
4544
5080
5084
5060
5191
4843
5454
5184
5212
5352
5147
4676
4926
5079
5163
5166
4859
5274
5374
5370
5231
5451
4768
5070
4983
5328
4810
5293
5506
5042
5000
5252
5193
5042
4530
4805
4901
4890
5059
4647
5151
4506
4753
5510
4689
4927
5299
5250
5292
5181
4922
5155
5400
5412
4544
4543
5066
5030
4896
4922
5172
4830
4934
4653
5145
4865
5247
5005
5015
5037
4885
4574
5436
5377
4962
4572
5206
5003
4943
5445
5200
5698
6063
5143
4824
4558
5223
4777
5804
5259
5309
4967
5111
5022
5374
4651
4407
5232
4859
5033
4795
5139
5054
5434
4820
4867
4923
5029
5380
4758
5098
4614
5370
4927
4638
5195
4932
4594
4846
5203
4568
5085
5350
4455
4700
4866
4921
5033
4853
5129
5581
4606
4953
4523
5403
5274
4992
4672
5022
5381
5109
4880
4757
5290
5176
4817
5269
5070
4942
5556
5043
4940
5014
4831
5283
4929
4873
5006
5289
4953
4925
5518
4756
4812
4942
4780
5238
4791
5230
5037
5316
5348
5575
5023
5078
4641
5551
5156
5469
5443
5292
5075
5222
5367
5663
4988
5362
5584
5425
4508
5035
4853
4628
5089
4725
5145
5298
5117
5445
4860
4815
4905
5042
4798
4878
4619
4691
4939
4794
4872
4561
5311
5050
4747
5711
4833
5128
4880
4994
4983
4942
5235
5565
4569
5076
5403
4903
4846
4988
4631
5342
4768
4451
4823
5149
5135
4960
5236
5086
5356
4968
4826
5029
5304
4837
4478
5362
4847
5397
5305
5028
4996
4707
5263
5162
4807
5147
4466
5211
4756
5292
4703
4828
5063
4771
5469
4735
4941
4617
4919
5495
4841
5202
5294
5192
5282
5103
5117
4427
5066
5281
5682
4223
4579
5232
5020
5009
5231
4401
4883
4786
5015
4878
5193
4729
4941
5179
5410
5020
5072
5107
4842
5391
5310
5304
5311
4735
5366
4768
5369
5422
5401
5115
5158
5042
5192
4828
5295
5062
4933
5422
5071
5094
4845
4930
5296
4899
4841
5372
5039
5390
5064
4872
5030
4826
4752
5078
4738
4829
5372
4831
5082
4684
5102
5129
4946
4524
5319
4964
5052
5327
5197
5466
5324
5105
5091
5159
4754
5065
4628
5482
5468
4362
4591
5178
4887
5562
5588
4699
5028
5415
5202
5037
4919
4825
4990
5611
4993
5289
4672
5185
5052
5204
5148
5572
4663
4916
5110
4433
5224
5030
4967
4827
4775
5300
4813
5322
5063
5061
5000
4757
5417
5169
5212
4909
4999
5272
5616
5130
5137
4896
4524
5433
5483
4515
5280
4885
5385
5250
5770
4618
5226
5387
4759
5101
4645
4890
4896
5115
5124
5261
4649
5237
5114
5076
5171
4948
5249
4780
5177
5375
5452
4935
5002
4938
4531
5479
5426
5466
5163
5338
5018
4514
5133
5001
5408
4743
5150
5126
5817
5111
4707
5153
5412
4975
4427
5311
5088
5158
5057
4960
4810
5026
5037
4992
5181
5762
5563
5377
5130
5249
5665
4827
5494
5556
4757
4961
5428
4683
5270
5043
4824
4801
5098
4647
5331
5375
5254
4817
4873
5065
4771
5048
5111
4658
5070
5079
4642
4624
5367
4941
4876
4779
4985
5355
4960
5177
5265
5436
4941
5081
4631
4836
4617
5045
4745
4838
4825
5162
4695
5275
5019
4658
5352
5465
4996
4472
5474
5340
5066
4316
4819
5211
4847
4565
5071
4903
5412
5245
5079
4675
5191
5112
4981
5082
4984
4721
4792
4841
4759
5291
5134
4924
4823
5659
5208
4906
5052
4620
4536
4780
5597
4909
4536
5344
5154
5059
5289
5410
4839
5649
5389
5336
5187
5540
5665
5137
5213
5020
5215
4786
4655
5103
5637
4929
4986
5930
4546
4821
4831
4624
5009
5055
5251
4858
5023
5178
4990
4847
5337
4661
5175
4557
4790
5016
5146
5179
5031
4594
4767
4878
4684
5152
4717
4978
5415
5416
5042
5134
5280
5040
4629
4271
4985
4591
5270
4822
4904
5886
5103
5236
5391
5175
5250
5537
5185
5284
4990
5028
5121
5578
5227
4882
4880
4926
4844
5612
5031
5373
5220
5078
5085
4729
5399
4870
5047
4732
5132
5320
5296
5663
5071
5329
5497
5174
4757
4846
5352
4775
5129
4877
5457
4589
5543
4850
5146
5091
5196
5139
5076
5169
5353
5095
5629
4651
5291
5458
4890
4786
5070
4916
4922
5281
4569
5199
5040
4792
5170
5142
4955
5261
5046
5602
4764
5091
5561
4975
4932
5282
5323
5106
4694
4894
5169
5349
5212
5202
5074
4863
4987
4727
5392
5114
5175
5115
5320
4965
4706
4448
4982
4233
5685
5134
5021
4733
5124
5305
4545
5174
5026
5051
4869
4599
5258
5498
5050
4714
4645
5243
5114
4772
4887
5458
5292
4869
5134
4945
5024
4809
5349
5046
5594
5164
4954
5187
5293
5244
4944
4404
4968
5472
5112
5464
5081
4566
4663
5064
5619
4937
4707
5215
5364
4587
4855
5221
4895
4896
4928
5148
5026
4840
5278
5362
5301
5289
4670
4668
4651
4877
4829
4839
4654
5045
4661
5405
5217
4902
5598
5071
4610
5641
5096
4595
5052
5161
5024
4926
5299
5236
4667
5276
5124
5142
4700
5018
5056
4625
4814
4722
5004
5245
5067
4709
4692
4744
4645
4483
5526
4746
4883
5514
4733
4396
5151
4359
5090
4613
5386
5323
4511
5372
5129
5013
5059
4952
4505
5381
5523
5049
5261
5011
5044
4978
4833
4904
4683
4859
4566
5100
4913
4941
5567
5015
4737
4865
5144
4628
5170
4913
5371
4976
5349
4585
5040
5257
4942
4580
5279
4745
4910
5046
5019
5080
4588
5116
4816
4595
4814
4416
4723
5084
4919
5224
4623
4769
5149
4653
5292
4594
5357
5476
5249
4992
4731
4818
4787
5382
5302
5317
4448
5281
4989
5001
5095
5214
4763
5248
4556
5173
5346
4986
5357
5255
4910
5490
4828
5047
5273
4501
5144
5056
5662
4469
5745
5254
5111
5423
4995
4887
4882
4849
5014
5247
4527
5036
5107
5226
4938
4629
5067
4796
5011
5284
4764
5595
5315
4540
5059
5256
5300
4814
4821
4729
4952
4607
5038
5556
4842
4757
4796
4658
5317
5198
4433
4517
5316
4960
5085
4959
5457
5138
5060
4916
4849
5028
5154
5015
5154
5134
5566
4894
4888
4997
4919
5345
5191
5625
5440
4965
4823
4930
5562
5039
4662
5286
5211
5033
5017
5283
4652
5362
5672
4804
5061
4970
5505
5304
4396
4604
4965
5047
5020
5110
5498
5126
5171
4956
5006
4862
5105
4964
5020
5213
4977
5566
5989
5216
4739
5198
5419
4637
5042
4988
5368
5007
4696
4707
5066
4378
5251
5070
5280
5053
4786
5043
4392
4675
4882
4679
5235
4882
4879
5193
4871
4957
5020
5595
4973
5164
5655
5048
5087
5018
5169
5066
5164
4939
4717
5059
5229
5197
4806
5079
4914
5733
5292
4611
5082
5216
4851
5203
5043
4679
4902
5290
4723
5069
4335
5176
4956
4773
4706
4867
4948
4973
4780
5186
4520
4978
4847
5492
4810
4833
5322
5413
5253
5520
5373
5044
5171
5691
4955
5034
4818
5151
5412
5176
4767
5289
4906
5762
5340
4786
4888
5263
5094
5207
4518
5103
4915
4874
5301
5227
5223
4747
4848
5271
4971
4611
4834
4992
5039
4982
5131
4534
5232
4710
4535
4533
4949
4875
5402
5240
4847
5333
4888
5017
5530
5129
5240
4637
5455
5081
5056
4629
5361
5227
5485
4913
5367
5518
4536
4770
5054
5134
4801
4951
5639
4807
5054
5075
5082
4820
5281
5168
4989
5156
5224
4939
5775
5088
4740
5239
5085
4838
5074
5300
4865
4878
5050
5258
5225
5446
5211
5114
4818
5141
4854
5037
4579
5327
5014
4816
5227
4393
4928
5150
4469
5582
4919
4436
5118
5246
5209
5493
4655
5419
5659
4776
5491
4979
4964
5304
4716
5017
5046
5175
4940
5044
4988
5262
5058
5241
4534
4570
5136
4643
5367
5926
5168
5141
4671
4758
4784
5154
4737
5242
4610
4913
4630
5155
4966
5613
5287
5273
4980
5353
5087
5101
4742
4810
5011
5344
4303
5075
4984
4965
4893
5632
5138
5182
4805
5103
4280
4768
5235
4874
5699
4768
5098
5320
5185
5175
4452
4972
4949
4961
4809
4756
4834
4938
4861
5289
5225
5346
5250
5212
5065
5053
4966
5285
4855
5240
5559
5267
5365
5248
5211
5120
5166
5005
5448
5018
4942
5417
4582
5095
4893
4998
5307
4828
5086
4049
5243
5160
4882
4804
4507
5463
5424
4867
5249
5196
5341
5368
5017
5116
5399
4753
4829
4932
5456
5528
4904
4445
4727
5395
5566
4969
4895
4681
4913
5463
5023
5344
4917
5222
4821
5356
5141
4917
5379
4973
5448
4573
5655
5060
5025
5029
4846
5345
4799
5162
4879
5101
5071
5317
5055
4811
4990
5233
4689
5048
5652
4300
4977
5008
5753
5136
5085
5381
5516
4946
5225
4975
5312
4508
5142
5173
5190
4658
5144
5155
4802
4543
5286
4782
5546
5645
4654
5059
5195
4456
4539
4955
5138
5000
5137
4587
4968
5332
5332
5175
4572
5161
5501
4639
5404
5170
5003
5519
5127
4917
4722
5042
5203
4597
5077
5289
5228
5125
4962
4983
5070
4885
5156
4982
5216
4778
4598
5195
5139
5194
4823
5153
4950
5070
5148
5182
5461
4897
4873
4974
5320
4756
5132
4806
5064
4648
5513
5280
4937
4950
5189
5444
5091
5214
4553
5161
4854
5350
5018
4457
4739
5362
5487
4775
5055
5213
4965
5102
4954
5284
5266
4840
5468
4869
4985
5055
4704
4641
4686
5213
4081
5248
5251
5050
4922
5263
4684
4742
4723
5491
5176
4676
5484
4873
5437
5020
5257
4979
4796
4857
5293
4629
4551
4988
4757
4859
4948
4697
4899
4575
5244
5423
5233
4983
4585
5115
5050
5245
5101
5005
5181
5440
5340
5066
5516
5161
4919
4909
5092
4938
5428
5223
5210
4892
4840
5201
5449
5128
4434
5030
4904
5006
4860
4994
5126
4935
5252
5423
5308
5194
5294
5494
4893
5292
5319
4603
4991
5677
4990
5324
5060
5102
4910
4997
4877
4839
4650
5144
4462
5233
4899
4594
5358
5250
5491
5802
4718
5109
4982
5385
5229
4979
5021
4707
5262
4734
4581
4760
4887
5055
5662
5216
5369
4898
5078
4939
4810
5256
5294
5423
5227
4818
5499
5299
5491
4892
5158
5313
4747
4852
5144
5223
5441
4734
5204
5112
5087
5108
5240
4823
5448
5475
5058
5339
5140
5087
4697
5387
5615
5024
5047
4820
5049
4996
5579
5126
4955
4841
5333
4905
5104
5407
5318
4600
4888
4905
4851
5515
5484
4744
5040
4813
4562
5547
4713
4736
4524
5212
4519
5275
5065
4821
5181
4992
5229
4858
5102
4905
5408
5318
4905
5123
5517
4899
4753
5126
5156
4970
4891
5509
4925
4992
4902
5052
5134
5094
5425
5274
4788
5012
4412
5419
5363
4891
4828
5013
4695
4771
4384
4529
4882
5136
5289
4881
4931
5170
4946
4924
4673
5286
5316
5180
4879
4655
4678
5363
5308
5108
5492
4833
5179
4475
4883
4910
4816
4673
5204
5211
5647
4944
5070
5364
5193
4653
5496
4910
4917
5034
5237
4278
4862
5124
4822
4827
5289
5397
5271
5088
5052
5491
4861
4904
5334
4848
5075
4902
5134
4657
4608
4883
4756
5356
4703
5575
5179
4826
4934
5255
4989
5319
4573
4564
5314
5072
4910
4983
4516
5005
5007
5001
5244
5147
5312
4533
5163
5088
5466
5366
5046
5276
5326
5992
5701
5136
4709
4758
4719
4391
5188
4521
5302
5113
5068
4748
4990
4642
5461
5337
5863
4739
5046
4868
4847
4636
4960
5049
5488
5295
4981
4931
5471
5034
5048
4668
5052
5401
5239
5294
5062
5068
5127
4962
5329
4627
5150
4991
4952
4806
5131
5159
5029
4327
4769
4906
4987
4963
5550
5357
5455
5221
5107
5553
5119
4830
4345
5080
5030
4624
5518
5125
4873
5085
4814
5402
5212
5098
5137
5354
4576
5550
4629
5375
5151
4619
4946
5216
5001
5092
5002
5164
5364
5069
5021
5452
4214
4470
5047
4917
4940
5496
4564
5504
5231
5019
5491
4914
5467
5305
5249
5175
5516
5089
5769
5649
5467
4792
5375
4856
5307
4820
5029
4855
4832
5206
5172
5472
4174
5182
4840
5594
5202
5220
4855
4925
5243
5564
5303
4952
5001
4928
4969
4913
5031
5233
4943
4838
5147
5256
5157
5429
5328
5202
5041
5063
4856
4955
5173
4803
4994
5349
5533
4889
5470
4758
5489
5424
5131
5280
4187
4786
5567
5398
5332
5253
5254
5161
5130
4963
5252
5192
4722
5359
4660
5393
5266
4647
5071
4651
5090
5139
5237
5001
5128
5188
5026
4948
4969
5153
5107
5575
5394
5071
4700
4968
5247
5069
4881
5092
5063
5180
5411
4993
4666
5015
4665
4724
5734
5342
5254
5242
5266
4842
5541
5003
5692
5370
5387
5093
5288
4858
5037
5162
5249
4538
4988
5189
4671
4277
4965
5374
4621
4535
4691
4620
5179
5026
5284
4976
5067
5020
5616
4744
5003
5452
4642
4884
5023
4645
4906
5183
4999
4951
5474
4898
4626
5297
4635
5065
5483
5192
5022
5214
5508
5243
4838
4501
5277
4713
5088
4755
5629
5073
5439
5123
4661
5322
4787
5084
5121
5270
5173
4988
5323
5193
5352
5353
5366
4606
4523
4509
4699
4930
4882
4594
5285
5222
4993
4919
4449
4965
4930
4920
5292
5320
5114
4806
5156
4993
4573
5242
5242
5312
4301
5099
4962
5547
4820
5087
4958
5010
4753
4727
5316
5354
4902
4901
4545
5801
5388
5227
5211
5244
5150
4711
4961
4896
5106
5300
4387
5156
5460
5192
4920
4793
5468
5351
5166
5003
4892
5007
5267
5545
5181
5236
5027
4745
5150
4899
4988
5137
4633
4999
5442
5258
4332
4495
4793
4898
5612
5139
5631
5207
4951
5793
5595
4342
5267
5534
5142
5203
5160
4483
4844
4664
4703
5449
5112
4991
4991
4710
4826
4987
5161
5074
5238
5528
5326
4855
4929
6016
4911
4881
5111
4544
4851
4959
4714
5421
5697
4878
5071
4702
5188
5341
5229
5706
4819
4767
5437
4995
4797
5723
4777
5486
5359
4553
5152
4960
4916
4825
5079
5680
5167
4830
5558
4956
5252
5149
5219
4828
5497
5346
5537
5506
5125
5172
5314
5372
5422
5092
4877
4725
4615
4916
4806
4604
4717
4472
4857
5005
5383
5017
5252
4317
5075
5078
5211
5251
5222
5159
5110
5278
5095
5188
4646
5249
4731
4874
4768
5010
4825
5459
5200
4623
5015
4714
5237
5061
5104
5269
5108
5284
4841
4710
4674
4818
5053
4802
4922
5051
4912
5011
4878
5114
4933
5102
5178
5087
5209
5581
4967
5468
5000
4764
5176
5290
4662
5457
4939
4495
4904
4673
4594
5198
4020
5205
5092
5487
4840
5022
4667
5590
4736
5317
5733
5098
4862
5582
5250
4782
5463
5206
4555
4801
5498
5025
4583
4857
4630
5728
4736
4921
5132
4663
4855
5235
4905
5239
4830
5084
5266
5437
5321
4926
5086
5127
4904
5279
4843
4860
4762
5319
5227
4994
5401
5359
5436
4992
4969
5003
4651
4135
5093
5218
5149
5062
4912
5116
5077
5538
4777
5100
5162
5360
4907
5134
4828
5277
4935
5213
5200
4719
5035
5099
4960
5976
4513
5198
4755
5019
5131
5252
5013
5608
5406
4508
4984
5157
4739
4624
5310
5102
5054
4872
4908
5107
4871
4841
5766
4590
5130
4528
4853
5177
5024
5465
5096
5257
5047
4888
5433
5463
4895
5234
4938
5445
4788
4735
5431
4999
5332
4500
5345
4856
5439
5118
5327
4840
5210
5013
5015
5199
5466
5526
5024
5349
5497
4711
4931
5138
5468
4909
4936
5242
4656
5434
5178
4811
4576
4786
5207
4825
5450
5442
5471
5174
4739
4927
5572
5538
4831
5321
5265
5680
5115
4833
5231
4941
5518
4925
5238
5208
4645
5026
4918
5139
4664
5592
4882
5490
4905
5391
5404
4874
5236
4676
4873
5561
4905
5396
4972
4685
5216
4705
5271
4815
4916
5067
4820
5579
4855
5069
4716
4624
5418
5193
4995
5244
5058
5291
4583
5257
5389
4952
4707
4877
5563
4956
4522
5050
5128
5305
4903
4841
5099
4975
5112
5057
5161
4323
4731
4520
5434
5301
4877
4995
4949
4957
5164
4831
4869
5091
5085
4839
4349
5066
4844
5032
5043
4927
4828
4862
4539
4630
5141
4787
5215
5080
4616
4659
4620
4562
5361
5065
5077
4770
5182
4857
5567
5152
5214
5314
4830
5241
4832
5206
5317
4871
5081
5225
5061
5829
4597
4861
4870
5333
5216
5014
5051
4966
4482
5162
5361
4368
4816
4565
5093
5700
5113
5000
4832
5095
5435
5021
5103
4810
5677
5531
4910
5175
4788
5428
5002
4736
5281
5009
4581
5052
5048
5148
4470
4780
4488
4614
5217
5065
4659
4795
5131
4710
4916
5048
5630
4916
5307
5095
5047
5170
4592
5254
4782
5265
5373
4790
5146
5297
5325
4900
5322
4938
5100
5432
4799
5395
5105
5126
4674
5393
5410
4889
5541
4458
4617
4878
5070
5346
5276
4686
5661
4770
4832
5037
5118
5310
4489
5205
4937
5578
5132
4710
4947
4987
4498
4772
5508
4715
4843
5232
4711
5354
5193
5194
5493
5014
4846
5512
5222
4988
5234
5191
4725
5039
5239
5413
4375
5411
5095
4943
4713
5278
5239
5412
4899
5563
4866
5096
5210
5328
4631
4659
4951
4672
5100
4514
5132
4999
5224
4930
5157
5033
5342
4814
5347
5096
5023
5052
5214
4787
5405
5038
4821
5567
5137
5017
4435
4981
4720
4953
5027
5110
5133
5596
5323
5025
4481
4801
5029
4769
4762
4797
5279
4992
4404
5466
4971
5140
5294
5043
5001
5251
5153
5303
4999
4829
5356
5223
5331
4650
5527
5284
4971
5284
5081
5194
5092
5173
4926
5068
5542
5222
5281
5366
5147
5113
5267
4260
5477
5353
5481
5230
5024
5527
4617
5360
5094
5259
4777
5078
4729
4739
5255
4716
4961
5502
4539
5627
5124
5618
5383
4750
4687
5706
5154
4862
4652
4792
4911
5414
5144
4798
5176
4752
5010
4871
5468
4842
5022
4868
4975
4871
5245
4715
4968
5077
4946
4889
4636
5603
5146
4850
5167
5135
4677
5181
5535
5433
5483
5314
5307
5274
5191
5270
5019
5125
5147
4956
4888
5230
5287
4898
5152
4889
5368
5128
4987
4661
4782
5208
5056
5094
5253
5015
5405
4946
4795
5271
5033
5576
4547
4712
5427
4942
5334
5602
5292
4913
4937
5256
4971
5076
5112
5005
4962
4258
4760
5114
5271
4886
4826
4438
5180
5081
5458
4865
4867
5078
5164
5035
4947
4878
5412
5489
4649
5103
4617
4754
5229
5000
4961
5326
5201
5085
5475
5317
5263
5210
5132
5605
5068
4998
5100
5490
4745
4919
5025
5283
4834
4967
5126
5307
5259
4746
5392
5130
5321
4652
5920
5095
5035
4562
4965
5304
5138
4797
5482
5651
4782
4770
5159
4873
5386
4836
4866
4955
4979
4933
5097
4807
5180
5081
4390
5300
4742
4700
5202
5076
5089
5374
4814
4919
4636
5423
5134
5485
4844
4712
4564
4686
4695
5258
5384
4713
5581
4923
5102
4881
5082
4956
5391
5124
5669
5625
5043
4649
5070
4776
4689
4856
4869
5049
5548
4966
5489
4717
5343
4938
5020
5331
4960
4815
4841
4875
5066
5168
4960
5317
5196
5283
5137
5075
5167
5148
4989
5158
5233
5134
4961
5198
5268
5056
5094
5701
4896
5033
4511
4801
5063
4803
4951
5693
4613
5137
5216
4758
4873
4624
5312
4712
5329
5318
4882
4777
5158
5213
5285
5013
5166
4854
5579
5275
4350
5084
5244
5318
4841
5199
5329
5146
5325
5475
4516
5043
5091
5067
4930
4692
4802
4864
5107
5619
4980
5208
5755
5218
4946
4590
5652
4769
4671
5332
4742
5186
5579
5452
5297
5250
5424
4810
5343
5047
5310
5462
5495
4820
5493
5272
4788
5085
5258
4970
5127
4784
5291
4769
5278
4482
4770
4766
5389
5031
4964
4934
4389
4284
4938
4543
5672
4694
5606
4507
5116
4774
4971
5444
5314
4749
4621
4961
5424
4753
5069
4452
5264
5287
5347
5496
4851
4797
5127
5042
4958
5555
5031
4519
4819
4974
5327
4955
4916
5255
4936
4905
5449
5070
5512
4915
4644
4869
5288
5526
5351
5348
5518
4907
5122
5283
5444
5292
4781
5400
5187
5123
4463
5516
5120
4762
5358
5135
5016
5179
5077
4616
4664
5581
4844
4906
5014
4849
5290
5017
5289
5543
4777
5030
5216
4872
4918
5140
5049
5307
5669
5210
4699
4960
5224
4875
4831
5441
5150
5326
4779
5629
4662
4938
4920
5514
4661
5384
5052
4921
5213
4963
5248
5501
5272
5438
4843
4764
4884
5466
4865
5214
5074
5238
5092
5291
5308
4848
5329
5233
5094
4969
5030
4622
4731
4812
4654
4755
4597
4553
4868
4981
5258
4845
5058
4782
5306
4774
4966
5158
4803
4560
5272
5256
4500
4722
4900
5676
4781
4906
5473
5090
4797
4844
4609
4958
4596
4742
5744
4872
5265
4580
5219
5127
5031
5074
5106
4782
5329
5048
5024
4979
4705
4462
4969
5194
5158
4936
5485
5711
4989
4552
4970
5215
4922
4789
4788
4838
4569
4836
5142
4854
5152
4730
5123
4633
4851
5669
5019
4716
5376
5328
5243
4682
5097
5239
4787
4845
4781
4855
5604
5174
5574
5070
4504
5198
5728
4939
4526
5311
4819
4614
4870
5075
4473
5074
5050
4900
5017
4999
4866
5343
5176
4925
4536
5627
5482
5174
5227
5634
4964
4393
4655
4570
5082
4737
5318
5438
5373
4875
5195
5100
4871
4481
4704
5166
5518
4451
4904
4332
4825
5423
5172
5622
5132
5358
4676
5429
5543
4936
4975
5119
5495
5152
4984
5530
4821
5132
5136
4445
4513
5328
4956
5020
4939
4974
5151
5031
5507
4801
4904
4725
4613
4947
5002
4832
5286
4686
4797
5372
5602
5560
5306
4870
5032
5337
5098
5219
4696
5102
4928
4986
4873
5301
4458
4903
4999
5430
4986
5030
5610
4883
5311
5247
4699
5431
5275
4713
4965
4602
5168
5364
4900
4980
4578
5343
5258
4317
5651
4903
5175
4977
5120
4823
5399
4902
5429
4788
4734
5103
5380
4889
5153
4625
5218
4735
5168
4508
5175
4912
5191
5216
4537
5246
5270
5178
5368
5482
4405
4852
4939
4925
5382
4549
5271
4939
5429
5277
5017
5410
5150
5048
5190
4740
5027
4902
5216
5649
4768
5438
5246
4529
5279
4987
5294
4729
5234
5804
4956
4824
4946
5291
5028
4610
4943
5092
5400
4804
4977
4849
5096
5069
4394
4438
4938
4806
5470
5525
4872
4923
4810
4081
5403
4949
5110
5471
4783
4918
4871
4721
5052
4055
4899
4681
5430
4656
4835
5127
5370
4845
4953
5158
4698
5451
4701
4779
4724
4908
5229
4974
4925
5076
4649
4859
4963
4457
5150
5119
5269
5321
5531
4638
5108
4927
4922
5063
5246
4795
5161
5399
5458
4624
5731
5250
4736
4995
5409
4492
4624
5424
5149
5044
4758
4629
5038
5167
4908
5212
5188
5061
4818
5218
5336
5364
5206
4751
4913
4929
4832
5215
4992
5578
5230
4730
4545
4589
4872
4816
4365
5129
4543
5243
5428
5551
4688
5002
5013
4829
4735
5247
5794
4721
5670
4931
4899
4891
4784
5357
5219
4600
5284
4908
4833
5137
4778
4777
4531
4702
5119
5064
4951
5197
4571
5238
5050
4708
4942
5106
4639
5557
4811
4592
4884
4557
4865
4901
4895
4598
5258
5071
5248
4867
5019
4997
4730
5017
5018
5353
4710
4839
5022
4830
4955
4593
4825
4813
4892
4791
5215
5118
4880
5050
5230
4651
4422
5373
4805
5288
4849
4762
4680
4882
5252
5227
5151
4887
5081
4402
5028
5078
4955
4976
5415
5147
5074
5222
5183
4718
4674
4982
5116
5270
5175
5266
4951
5489
4934
5205
5183
4954
4940
4777
5028
5320
5187
5481
4987
5361
5327
4642
4762
5365
4723
5188
5086
5201
5217
4838
4984
4773
4703
4960
4578
5097
5359
4992
4936
4587
5234
4970
5151
5253
5350
5072
5109
5073
5156
4890
4913
5216
5685
4415
5344
4826
5527
4752
5083
4414
4744
4833
4574
4860
5063
5346
5063
5271
5457
5221
5331
5397
4937
4795
5081
4980
5066
4937
5337
5384
5117
5008
5636
5337
5002
5253
5669
4791
5181
4228
5239
5318
4486
5576
5298
5255
5604
5120
4718
5008
4583
5375
4337
5100
4958
5132
5396
5019
4986
5217
4857
5121
5003
4946
4454
4945
4824
5403
5564
4889
5364
4162
4928
5217
4842
5136
5075
5039
5447
5295
4951
5493
5254
4865
4923
5099
4951
4849
4881
5251
5441
5241
5668
5224
5734
4835
5418
4650
4971
5222
4956
5690
5540
5097
5059
4961
4856
5070
5459
5078
5017
4772
5193
5421
4626
4592
4872
5085
4728
5063
5126
5205
4924
5228
4710
4826
5270
4965
5010
4889
4681
4891
4845
4651
4775
4582
4903
5449
4516
4961
5241
5188
5337
5347
5374
4935
4676
4462
5281
5236
5547
5464
4803
4669
4873
4645
5287
5386
5211
5121
4723
5060
4883
5321
4792
4848
5242
5204
4833
5068
5673
4980
5088
4941
5203
5004
5034
4907
4777
5046
4356
5331
4597
5005
5119
5037
5037
5613
5178
5209
5102
5262
5573
4564
4690
5071
5304
4762
4651
5092
4944
5560
5869
4819
5101
5306
4701
5061
5014
4979
5195
4973
5173
5198
4660
5095
5451
4725
4791
5127
5476
5119
4851
4830
5396
5475
5364
4877
5027
5223
5397
5155
5375
4835
5621
4699
4898
5097
4787
4730
5273
4748
4454
5335
4995
5100
5191
4604
4840
5143
4807
5093
5038
5498
5134
4618
5098
4587
4652
4952
4704
5635
5430
5205
5458
5387
5419
5280
5276
5054
4864
5338
4928
5268
4859
5195
4439
5212
5236
5319
5176
4513
5132
4912
5667
5149
4868
5257
4839
5210
5007
4816
5110
5114
4755
5175
5645
4918
5176
5040
4905
4825
5341
4644
4883
5238
5374
5616
4584
4792
5128
5047
5140
4849
5436
4834
5265
5285
5241
5322
4543
5532
4952
4451
5220
5124
5155
5319
4890
5242
5132
5057
5376
5111
4923
4604
4790
5253
5285
5168
4877
5215
4560
5207
4706
5154
5059
5108
5147
5003
5217
5149
5249
4975
5211
4777
5214
5495
5194
5553
4845
5595
5303
4565
5016
5058
5162
5182
5292
4979
5270
5021
5155
5212
5049
5166
4797
5697
5243
5085
5660
5290
5157
5015
4815
4759
5100
5176
4880
4982
4815
4373
5349
5184
4989
5220
4687
4808
5197
4546
5253
5367
4444
5192
5019
4721
4797
4990
5121
5024
4751
5162
4470
5285
5120
5089
4428
4554
5308
5162
5110
4602
4322
4898
5001
5003
5264
5045
4580
4952
5073
4874
5217
5332
4941
5148
5043
4885
5154
5098
4791
4657
4947
4637
5131
4792
5180
5265
5219
4954
5198
5197
5446
5237
4651
4963
5067
5013
4911
5443
5591
5303
4877
5027
4754
4823
5278
4830
4914
5028
5012
5365
5407
5102
5501
5314
4906
4921
5250
5410
5038
5383
4385
5249
4900
5144
5560
5063
5273
5028
5065
5136
5143
4927
5150
4236
5629
5023
5365
4695
5360
5105
4664
5610
5133
4607
5177
5506
5593
5271
4713
4693
4573
4955
5045
4755
4956
4990
4925
4868
5065
4563
5109
5003
4180
5417
4750
5290
5485
4648
4733
5173
4808
4844
5171
4899
5341
4795
5527
4834
4729
5445
5016
5179
4828
5182
4478
4915
5333
5763
5394
4935
5392
4748
4903
5111
4958
4908
4820
4986
5088
5452
5081
4862
5295
4802
5074
5219
4293
5469
5228
5332
4732
4921
5768
5072
4964
5446
4930
4852
4997
4502
5149
4885
5429
5017
5353
4963
5064
5504
5268
4979
5151
4977
4856
5388
5102
4790
4325
4957
4956
5336
4994
5250
5239
4639
4924
4438
4965
5147
5210
4504
4802
5124
5179
5448
4629
5622
4270
4540
5051
4739
5173
4661
5447
5424
5405
4837
5088
4538
4725
5128
4906
4937
5142
5171
4774
4628
5412
5117
5156
5001
5704
4637
5188
5127
5068
4862
5490
4566
4988
5033
5207
5261
5389
5272
4439
5033
5173
5593
5462
4860
5371
5079
4493
4532
4950
5070
5112
5353
4805
5745
5089
4930
5506
4894
5050
5150
4953
4985
5326
4771
4974
4724
5187
4949
4761
5493
5151
5622
5288
4769
4923
5013
5587
5041
4566
5181
4832
4845
4570
4988
4856
5186
5119
5105
5298
4748
4725
5461
5498
5251
4935
5730
5146
5261
5039
5151
4994
4906
5048
5260
5074
4623
5413
4656
5358
5227
5611
5174
5036
4635
5203
4519
4884
4838
5224
5009
5484
4406
5252
4922
5247
5513
5170
5017
4952
5035
4935
5319
4657
5021
5084
4976
5413
5490
5217
4451
4648
5181
5122
4801
5263
5000
4881
5226
5386
4918
4892
4822
4666
4465
5557
5634
5259
5110
4637
5097
4659
4493
4538
4628
4844
5001
4920
4475
5531
5270
4746
5235
4879
4973
5262
5008
4883
5030
4851
4664
5486
4703
4872
5236
5127
5462
5339
5231
4856
5135
4964
4892
5046
4674
5800
5027
5048
5250
4561
4863
4536
5156
4972
5230
4817
5096
5293
5392
4662
4949
5065
5384
5244
5086
4575
4841
4683
5232
5029
5014
5073
5123
5320
5996
5125
5147
5672
5048
5362
4150
4662
5272
4912
5365
4726
5189
5258
5595
5310
4901
5086
4864
5500
4745
5421
4731
4574
5444
4407
4957
4867
4854
5026
5221
5473
5572
5060
4534
4896
5283
4795
4863
5158
4963
4606
4878
5125
4656
5192
5171
5240
5233
5153
5104
4542
4861
5505
6052
5358
5508
4652
5356
4769
4956
5275
5009
5398
5225
4808
5492
5084
4860
4977
5012
4882
5615
4831
4882
4736
4659
4549
5337
5162
5389
4593
4893
4874
5171
4635
4602
5044
5039
4910
4924
5217
5241
5274
5037
5100
4972
5035
5060
5392
4860
5133
5110
4835
4899
5072
4926
5034
5470
5059
4792
5039
5231
4335
4936
4865
5589
5423
4986
4627
5128
4848
5436
5269
5467
5269
5146
5105
5250
4941
4948
4847
5457
4722
5114
5189
5154
5139
4732
4979
5341
4638
5311
4664
5429
4777
5253
4743
5099
4594
4448
5203
5269
4759
4900
4694
4876
5308
4785
4789
4891
4845
4718
5118
5209
4478
5381
5072
4979
4976
5487
5201
5157
4493
4870
5145
5190
4900
5014
5212
5054
5285
4846
5225
5074
4796
4983
5279
5030
4674
5175
4770
5074
5659
4795
4772
4461
5265
5105
4921
4973
5717
4987
5413
4779
4807
4771
5104
5378
4737
4599
5058
5078
4827
5401
4779
5034
4926
5245
4775
5136
4991
5277
5379
5318
4898
4562
4948
4858
5213
4907
4758
5270
5133
4893
4793
4825
5251
5163
4556
5160
4909
4857
5361
5470
4920
4941
5093
4952
5193
5541
5132
5778
4410
5230
5281
4931
5455
5838
5379
5266
4923
5005
4896
5050
4402
5662
5327
5354
4602
5020
5809
5584
4822
4902
5173
5748
4974
4979
5246
4875
4992
5454
5288
4954
5358
5293
4935
5422
5384
4747
5065
4833
4588
4887
4606
4930
5067
5133
4677
4623
5039
5313
5201
4906
4990
4904
4738
5019
4954
5307
5605
4440
4827
5234
5010
4715
4724
4969
4694
5136
5411
4331
4944
5163
5544
5222
4878
5576
4934
5016
4885
4843
4826
5134
5152
5193
5025
4813
5504
5470
5243
4850
5245
5027
4802
4956
4796
4878
4988
5646
5032
4974
5368
4605
5241
5227
5255
5394
4441
5096
4927
4963
4604
4901
4894
5214
5098
4773
5274
5568
5043
5045
5332
5207
5196
4906
5178
4652
4887
4602
4745
5319
4645
4854
5021
4847
5225
5359
5290
4651
5359
4954
5039
5236
4663
5326
4866
5097
4853
5360
4853
4829
5257
5690
5184
4851
5041
5066
4883
5257
5350
5156
4784
5577
4854
5513
5747
4924
5159
5176
4519
5392
5107
4916
5327
5014
4803
4843
4921
5185
4971
5327
4913
4816
5137
4961
4941
5123
5522
4959
4985
5454
5349
5521
5225
5189
5305
5153
5357
4908
4778
4692
5157
4772
5647
4450
5119
5275
5705
5284
4666
5254
4900
4801
4786
5319
5032
5209
5090
5267
4522
5130
5083
5055
4913
4874
5402
4957
5179
4965
5283
4932
4843
5161
5024
5508
5124
4959
5034
4840
4418
5203
5494
4709
5623
5076
4896
5176
5237
4522
4577
4797
5010
5042
5004
4852
4750
5627
5174
5292
5353
4535
4908
4890
4863
5302
4988
5294
4991
4788
5358
5185
4322
5106
4897
4689
5109
4756
4965
5258
5139
4523
4677
4738
5301
4678
5246
4661
5187
4963
4931
4818
5325
5066
4238
4915
5444
4545
5134
4526
5157
5560
5386
5518
5137
4874
5695
4975
4976
4566
5241
4910
5431
4478
4741
5600
5027
4971
4578
5556
5362
5330
5225
5027
5157
4972
5017
5272
4612
5196
5167
4748
5612
5179
5208
4991
5273
4966
4873
4356
5325
4469
4912
5213
5382
5403
5226
4812
4854
5358
5457
5174
5387
5000
4925
5178
5005
5148
4990
4731
4527
5544
5120
5023
5157
5123
4785
4911
4792
4669
5217
4874
4748
4759
5405
4932
4887
4850
5092
5019
5371
4905
5027
5063
4923
4994
4608
5068
4654
5029
4573
4926
4843
5035
4752
4996
4672
5072
4933
5640
5006
5383
4918
4724
5063
5261
4528
4887
5253
4865
4965
4919
4842
5002
4978
5105
5375
4903
5621
4911
5497
5232
5134
5058
5087
5110
4955
4597
4859
5136
5265
5381
5233
5051
4537
4885
5380
5311
4718
4932
4941
4879
4837
5329
5485
5263
4960
5629
5005
4865
5149
4848
4753
5254
5280
5434
4843
4890
4705
5003
5243
5002
5071
4483
4919
5250
4971
5441
5024
4787
4809
4730
5136
5108
5154
4997
5148
5182
4792
4498
5166
5086
5323
5075
5171
4668
4890
4844
5004
4981
4977
5042
5209
5203
5583
4680
4768
4808
5254
5250
4563
4811
5141
5124
4993
4910
4889
4863
5504
5418
5754
4811
5326
4625
5096
4839
5112
5236
4909
5182
4589
5332
4880
5149
5193
5201
4522
5243
5175
4720
5411
5402
5511
5026
5021
5095
5489
5193
5694
5372
4900
5282
5575
4561
4768
4754
5112
4823
4948
4975
5398
4954
5322
4896
4903
4942
4792
4889
4883
4545
5187
4577
5001
5301
4969
4502
5184
4402
5012
5260
4597
5264
5168
5702
4819
4971
4691
4953
4769
4979
5232
5263
5030
5591
4537
4872
4964
5110
5030
5495
4460
4692
4619
4797
5322
4949
5216
4948
4487
5334
5184
4892
4714
5039
5253
5019
4743
5233
5022
4802
5103
4754
4752
4558
4970
5463
5258
5548
5448
5027
5691
5493
5732
5231
5543
5021
5019
5297
5120
4691
4664
5051
5366
4864
4793
5022
5098
5067
5276
4833
5162
5340
5303
4755
4801
5149
5234
5507
5065
4929
5423
5277
5128
5286
5473
4738
4952
5303
5081
4593
4962
5080
4434
5376
5250
4780
5129
5416
4634
5564
4986
4724
5193
4907
4959
5046
5401
5189
4793
4533
4685
5499
4928
5355
5224
4744
5264
4909
4803
5436
5148
4844
4882
5449
4886
4652
5173
5111
4660
5194
4868
4544
5446
5188
5604
5243
5309
4823
5189
5229
4974
5187
4896
5479
5475
4743
5365
5244
4952
5468
5453
5102
5010
4906
4717
5050
4825
4505
5268
5039
5160
4611
5387
4949
5345
5403
5277
5134
5508
4808
4772
4881
5479
5564
5294
5171
5098
4957
5334
5281
5043
5191
4404
4774
5292
4981
5665
4701
5370
5217
4747
4652
4636
5207
5093
4842
5184
5505
4157
5282
5209
4801
4634
5088
5388
5105
5180
5105
4916
5084
4862
5210
5015
4957
4603
5353
5590
5146
5359
5584
4789
4919
4597
4641
4835
5095
5001
4687
4646
5164
5256
4971
5159
4639
5004
4741
4610
5122
5188
5037
5173
4905
5109
5042
5547
5221
4663
5221
5225
5231
5390
5101
5456
5380
5208
4409
5083
5386
5212
5249
5150
4659
5009
5148
4965
5361
4979
5071
4835
5133
4746
4894
5077
4934
5504
5453
5061
5128
5212
5194
5300
4602
5321
5333
4932
5002
5133
4842
5264
5155
5043
5016
5117
4620
4942
5067
4627
5363
5521
5497
5194
5314
4931
5547
5082
5084
5252
4862
5086
4959
4471
5207
4721
5210
5210
5126
4494
4903
4742
4779
5015
5375
4785
5284
5272
5625
5041
4552
4990
4751
4982
5307
4659
5087
4788
5057
4847
5141
5101
5352
5324
4785
5574
4849
5495
5440
5505
5282
4888
4685
5122
5190
5105
5241
4416
5407
4787
4880
5208
5243
4967
5371
5293
4400
4861
5038
5154
5427
4837
5218
5253
5041
5292
5123
5088
5196
5065
5192
5153
4731
5535
5369
4851
4831
5156
4917
4953
4694
4595
5739
5124
5016
4871
4980
4629
4922
5296
5920
4725
5297
5134
4385
5791
5567
5178
5528
5294
5018
4617
4811
4915
5323
4659
5164
4875
5014
5211
5006
5129
4951
5194
4904
5423
5178
4909
5368
4789
4814
5597
4909
4747
4831
4906
5380
4527
5157
5100
5043
5317
5163
5370
4592
4900
5126
5368
4731
5112
4927
4538
5321
5150
4712
4688
4774
4667
4727
5671
5283
4942
4725
5316
5006
4598
5525
5050
5092
4946
4901
4451
5532
5355
5255
5222
5070
5031
4741
4767
5900
4936
4651
5104
5135
4763
4975
4980
5054
5031
4908
4852
5223
5352
4679
5211
5084
4946
5090
5263
5485
4753
4663
4891
4453
4929
5157
4845
4900
5395
4670
5030
5209
5556
5092
4789
5014
5193
4495
5190
4856
4741
4667
4924
5081
4769
5206
4983
5419
4896
4754
5023
5249
5769
4797
5345
4854
5855
5001
5153
5625
5097
4246
5113
5264
4749
5323
4680
5219
5205
4604
5918
4994
5593
4784
5065
5063
5078
5409
4956
4915
5272
4924
4879
5083
4961
5236
5035
5005
5069
5053
4752
5030
4856
4539
4793
4826
5574
5049
4771
5232
5164
5155
5347
5104
4720
4524
4804
4711
4928
5214
5075
5146
5303
4521
5157
5175
5153
5370
5310
5288
5405
5276
5144
5127
4729
4472
5336
4788
5383
4948
5018
5254
4469
5001
4722
4820
5064
4913
4869
4931
4993
5209
5110
5359
4954
4894
4877
5055
4787
5344
5488
5240
5801
5132
5206
4805
4418
5197
5008
5543
5057
4788
4703
4564
4283
5486
4737
4789
4965
4899
5128
5293
5202
4991
4666
5505
5432
4793
5081
5272
4819
5149
5020
4960
4445
5317
4823
5261
5048
5542
4832
5342
5514
5147
5499
5021
5129
4976
4923
5203
5087
5340
5400
4686
4794
4850
5087
4647
4783
5078
5457
5042
4312
4811
4967
5127
5322
5033
5338
5356
5112
4895
4699
4974
5021
5473
5195
5195
4875
4745
5485
4916
4522
5086
5159
4621
4276
5061
5187
5056
4735
4678
4877
5114
4811
5121
4861
5427
5122
5431
4931
5271
5100
5048
5441
5278
4726
5348
5100
4767
5146
5192
5014
4924
5107
5087
5339
5713
5174
4911
5355
5152
5058
5078
4805
5161
5084
5003
5275
5179
4581
4861
4596
4699
4782
5286
4553
4841
5225
4692
4736
5341
5582
5119
5311
4994
5235
5022
5051
4875
5479
5424
5078
4901
5069
4962
4900
5214
4658
4963
4631
4797
5094
5088
5048
5376
4923
4934
4852
5272
4801
5451
5463
4652
4829
4459
5404
5059
4783
5100
4777
5198
4792
4685
4646
4812
5049
4858
4568
4974
5296
4880
4840
5106
5152
4997
4908
5067
4990
5354
5260
4885
5216
5006
5348
5215
4678
5135
4736
4827
5040
4753
5453
4924
4484
5090
4998
4878
4845
5049
4595
5340
4162
5272
5495
5008
5286
4917
5557
4705
4808
5175
4767
4886
5119
4932
4997
4987
5124
4856
5204
5341
4518
5060
5036
5196
4895
5482
5087
5245
4716
5448
4913
4979
5052
5152
5069
5188
4981
5106
4944
5580
4736
5035
4893
4380
5051
5505
4483
5020
5062
5517
5432
4620
4950
5024
4819
5098
4910
5215
4465
5146
5479
4887
4816
5642
4288
4320
4799
4888
5014
5485
4876
5397
4635
4786
4886
5322
4897
4878
5277
4979
5032
4942
4180
5167
5049
5016
4247
5325
4799
4994
4839
5257
5500
5312
5275
5021
5075
5232
4936
5196
5712
4600
5219
5250
4760
5364
4286
5060
5123
5094
5023
5305
5285
5236
5781
5046
5632
4896
4436
4706
5132
5415
4976
5775
5329
5099
4640
5207
4993
5001
4809
5022
5096
5571
4937
5332
5419
4539
4559
5238
5417
4769
5292
5406
5100
5175
5020
4894
5139
4940
5209
5366
5128
5572
4876
5349
5401
4846
5421
5219
4563
5332
5238
4399
5129
5302
4856
4786
5148
5236
4913
5291
4532
5190
4841
4934
5351
4734
4968
4827
5145
5096
5115
5157
5221
5232
5203
5164
5149
5112
5210
4980
5491
4791
5398
5051
4712
5243
5142
5148
4636
4913
5614
5286
4991
4927
5241
4841
4848
4990
5105
4803
5318
5008
5287
5300
4902
4658
5102
5235
5278
5265
5003
5392
4724
5149
5319
5904
4811
4847
5180
4775
5426
5316
4765
4652
4901
5333
4701
4540
4984
5208
5502
4734
4689
4779
5005
5153
4833
4439
4718
5017
4653
5376
4585
4959
5021
4923
5253
4815
4782
5217
4855
4846
5216
4685
5064
5358
4610
4518
5342
5115
5233
5297
4751
5240
5140
4760
4598
4963
5039
4861
5169
5173
5006
5189
5011
5258
4872
5309
4565
5413
4454
5336
4999
4908
5465
4996
5311
4694
5258
4708
5578
4860
5318
5084
5001
5195
4805
5064
4692
5312
5113
4515
5028
4955
5321
5149
5147
5230
5185
4844
5167
4727
5042
4987
5069
4953
4936
4954
5190
5253
5131
4897
4430
5319
5151
4903
4672
5187
4811
5031
5268
5221
5112
5307
4784
4610
4853
4903
4957
4912
5682
5338
5175
5747
5037
5186
4916
5090
5016
5006
5057
5135
5045
4753
5203
4707
5247
4762
5173
4863
4720
4695
5002
5190
5249
4851
4824
5478
4520
5363
5076
5136
4882
5013
4803
4645
5468
5351
4577
5262
4512
5258
5409
4930
5071
5288
4834
5351
5714
4961
4981
4687
4943
4791
5132
5384
4950
4890
5436
4634
4880
4906
5002
4681
5229
4552
4351
4802
4980
4821
4821
4950
4924
4393
4400
4689
4765
5438
5500
4904
5159
5572
5020
4995
5261
4978
4797
4943
5163
5152
5057
5568
4285
5023
5280
5004
4819
5351
5631
5496
5000
4493
5165
5435
5004
5396
5062
4876
4942
4699
5437
5264
5677
4734
4246
5585
4940
5213
5067
5300
5218
4590
5261
4761
5274
5546
4964
4870
5013
5137
5266
5034
5169
4734
4488
5078
5325
5346
5018
4938
4935
4849
4906
5136
5336
4761
5120
5003
5157
5355
4704
5003
5036
4747
5297
5160
4439
5361
5132
5341
5389
5662
4963
5135
4970
4714
5690
4978
5140
5275
5258
5352
5388
4555
5578
4664
5042
5664
5261
5320
5057
5358
5056
4960
5108
5131
5814
5365
4729
5147
4964
5192
4472
4726
5110
4672
5003
5087
4971
5294
5361
4878
5150
5234
4713
5098
4892
4894
5006
5037
4981
5238
4541
5673
4574
5249
5101
5223
5292
5157
5783
4721
5024
5038
5204
5227
5006
4459
5295
5193
5268
4785
5651
4877
5369
4782
5023
5323
4488
4961
5401
4780
5216
5022
4857
5069
5375
4858
4795
4758
4965
5047
4896
4981
4986
4841
5047
5075
5308
4754
5054
4599
6011
5238
4944
5125
4802
4855
4947
4755
5038
5515
5160
4961
4773
5297
5399
5575
4979
5216
4612
5125
4714
4927
5162
4986
4853
4862
4447
5165
5061
5243
4951
4670
5599
5103
5367
5031
5181
5461
4874
5240
4351
5142
4825
5457
5142
5796
5344
4822
5402
5114
4648
5140
5253
5255
4728
5314
4672
5084
5285
5137
4775
5530
5623
5335
4720
4892
4908
4869
4890
5276
4561
5637
4771
4993
4934
4671
4891
5316
5091
4810
4859
4817
5164
4815
4715
5080
5048
5062
5274
4907
5413
5000
4994
4619
4994
4847
4757
5216
5044
4672
5478
5059
5074
4564
5356
5580
5029
4818
5026
5557
5048
4461
5266
5195
5440
5208
5180
5306
5091
5229
4967
4979
4735
5178
4869
4770
4910
5372
4322
5169
5173
4977
5048
4823
5024
5300
4839
5049
4574
5253
5474
4974
5298
4621
5087
5267
4814
4778
5109
5260
5676
5402
4910
5008
5280
4727
5515
4668
5215
4755
4908
4886
4904
5247
4978
5324
5116
5026
5682
5012
5217
5034
5005
5066
5565
4750
4895
4760
4965
4979
4730
5451
4918
4992
5220
5011
5186
5196
4983
4894
4891
4859
5428
5383
5087
5383
5056
5345
5210
5080
4636
5323
4866
4933
4639
4690
5202
5135
4715
5196
4537
5624
5311
5212
5035
5037
5208
5233
5281
4869
5181
5094
5085
5105
4897
5272
5235
5229
4827
4806
5212
5047
5041
5095
4793
4899
4717
4982
4817
4814
5103
5370
5197
5260
5172
4988
4927
4893
5047
5243
4736
4937
4838
5274
5037
5220
5717
5116
5202
5296
4716
5276
5213
5001
4960
5427
5113
5143
5319
5120
4848
4548
5289
4717
5670
5077
4716
4796
5001
5072
5377
5634
5120
4892
4550
5908
4749
4873
4567
4922
5348
5227
4737
4654
4507
5102
5212
5325
5477
5540
4605
4774
4976
5032
5390
5101
5229
4868
5493
5410
5372
4881
5631
5075
4560
4856
5032
5028
4911
4948
4823
4766
4740
4793
5216
4743
4994
4695
5125
4789
4751
4805
5193
4963
4885
5209
4797
4857
5419
5216
4683
5708
5360
4826
4906
4575
5217
5029
5459
4769
4647
4846
5485
5607
4939
4599
5345
4647
4885
5513
5901
4751
5329
4920
4649
5176
4602
4927
4869
5143
5360
4741
5342
4712
4531
4826
4802
5557
5322
5260
5420
5080
4890
5257
5218
4981
4560
5164
4876
4886
4942
5021
4922
5083
5279
5679
5187
5594
5048
5360
5096
4541
5131
4907
5510
4880
4614
4901
4955
5328
5770
4411
5259
5233
4846
5465
5126
4950
4769
4619
4801
4935
5242
5095
4759
4508
5393
5217
5881
5145
4891
5311
5712
5660
4623
5378
4996
5185
4785
4899
5055
5135
5214
4853
4974
5357
5203
4908
5504
5309
5343
5015
5107
5278
4802
5085
4982
5169
5215
5215
4440
4424
4795
4679
4902
4901
4852
5050
4485
5727
4701
5011
4600
5167
5127
5260
5233
4778
5244
4947
5163
5417
4493
5194
4888
5246
4712
5127
5303
5097
5519
4756
4977
5171
5075
5108
5029
4654
4633
5135
5081
5199
4941
5026
5203
5248
4729
4919
4714
5552
5199
4671
5361
5222
4670
5454
5058
4754
5124
5425
4560
4927
4788
4790
5139
4407
4907
4823
5328
4557
4939
5160
5195
5289
5483
5444
4688
5013
4901
4464
4450
5205
5007
4862
4537
5394
5070
4893
5348
4814
4921
4611
5119
4933
5044
4998
4771
5062
5244
5013
5140
4514
5066
4953
5220
5224
5262
5068
5183
4667
5320
5392
4790
5043
4702
5136
4300
5145
4511
5261
4823
4786
5117
5105
5097
5255
4876
5449
5186
4710
5269
5261
4534
5296
4674
4939
4736
5086
5080
5387
4652
5167
5074
5553
4597
5086
4593
5101
5075
4965
5050
4874
4998
4899
4999
4556
5305
4790
5093
4783
4875
4978
5301
5460
4675
5066
5150
5017
5198
5137
5053
5424
4860
4675
5117
4888
4840
5193
4832
4724
5282
4830
5004
4827
4816
5026
4934
4654
5222
5137
5158
4688
4738
4952
4840
5332
4979
5429
5054
4970
5081
4754
4816
4706
5047
5418
5042
5367
5155
5172
4903
5450
4904
5367
5064
4961
4926
5537
5284
5316
4933
5018
4905
5022
4676
5148
5642
5298
4647
5037
5235
4982
5044
5042
5655
4723
4991
5295
4862
5060
5074
5146
5209
5267
4883
5133
5180
5275
5216
5156
4845
4773
4989
4389
5150
4811
4972
5157
4452
5190
5323
5305
4831
4968
4984
4903
4734
4783
5225
5328
5161
5241
4632
4743
5347
4677
4606
5603
4942
5559
4412
5078
4890
5148
5115
5403
5095
4988
4901
5343
4969
5184
5051
4982
5285
5117
5325
5381
5202
5145
5204
4553
5092
5419
5343
4968
5021
4722
5140
4891
5715
4958
4918
4659
4844
4878
5418
4802
4496
5020
5061
4824
5064
5544
5315
5364
4432
5258
4982
5112
5127
5139
5609
5440
4953
4898
4826
5075
5144
5176
4555
4833
5265
5225
5196
5222
4602
4740
5394
5093
5411
5414
5252
5106
4785
4879
5185
5211
4625
5051
4988
5263
4823
5188
4854
5248
5228
5347
4913
5256
5338
4802
4968
4909
4996
4598
4848
4667
5319
5469
4832
4350
5137
4502
4847
5069
5742
5140
4662
5004
5279
5059
4965
4808
5186
5321
5092
4834
4941
4643
4898
5212
4866
4876
4567
5509
5142
4504
5408
5362
5508
5206
5235
5076
4949
4914
5156
4811
4931
5181
5020
5212
5235
4880
5175
4924
5284
5486
5013
4491
4875
4948
5009
5380
4016
5146
5295
4833
4900
4304
5216
5103
5345
5122
4991
4813
5074
4234
4752
5433
4834
4990
5313
5099
5508
4830
5513
4856
4755
4891
4968
4726
5049
5580
4825
5293
5470
5038
5026
5309
5027
4786
4798
4933
5154
4928
5209
4576
4980
5039
5276
5030
4970
5379
5416
5427
4893
4861
4609
5404
4756
4646
4618
4618
5482
4888
4690
5084
4833
5271
4992
5269
5194
4811
4461
4834
5238
4920
5108
4519
5253
4844
5650
5193
5260
5192
4509
4830
4598
5039
5167
4945
4970
4950
5084
4677
5392
4884
4919
5044
5118
5258
4915
4944
5227
4764
4835
4887
5409
4995
4957
4669
5603
4671
4904
5227
4692
5187
4805
4478
4837
4797
5035
5003
4510
4868
5120
4894
5113
4823
5422
4519
5416
4868
5186
5030
4420
5019
4743
5270
5115
4909
5060
5256
4841
5431
4840
5354
5243
4866
5014
5634
4959
5659
4915
5122
4902
5632
4976
4882
5307
5468
4263
4900
4539
5165
4923
4865
4985
4655
4811
4886
5209
5373
5104
4719
5077
4823
4908
5125
5026
5377
4646
4757
5423
5062
4850
4803
5107
5062
4929
5201
4634
5208
5069
5156
5059
5333
4989
5013
4869
4893
4838
5097
5005
4684
4604
4800
4999
4900
4635
5124
5381
4485
5098
5427
5250
5007
4831
5244
5439
4554
5357
4967
4780
5171
5226
4990
5129
5114
5180
4594
5127
5069
5399
5213
4632
5251
5049
4912
5117
5281
4874
5241
4922
4494
4989
5005
5051
5170
5001
5016
5188
5159
4552
5048
5001
5029
5099
5556
4939
5060
5434
4571
5363
5257
5019
4974
4561
4959
5426
5049
5362
4739
4911
4911
4848
5009
4841
5330
4383
4766
4859
5212
5024
4837
4939
5068
4485
5339
5431
4987
4970
4794
5302
4910
5198
5572
4741
5316
5143
5276
5509
4765
4964
5355
5481
5142
5273
5278
5433
5145
5061
4957
5452
4750
4971
5458
5100
4795
4988
4950
5407
4857
5209
5473
5493
4870
5008
4608
5221
5006
4786
4542
4893
5249
5303
4956
5147
4640
5161
4960
4495
5355
5462
5272
4906
4873
4592
5189
4603
4798
5049
4989
5179
4576
5046
4819
4792
4578
5285
5059
4615
4815
4855
5245
5577
5226
4760
5523
4907
4929
5533
4744
5075
5264
5126
4699
5521
5121
5211
5095
5447
5516
4982
4788
5296
5429
4835
4635
5534
4549
4961
5078
5635
5369
4715
4450
4887
5356
5430
5102
5205
5310
5704
5353
4887
5409
5148
5230
4939
5294
4954
4682
5238
4417
4687
5000
5373
5471
5279
5153
4856
5003
5511
4980
4701
5720
4926
5219
5239
5429
5114
5279
5037
4841
4572
5196
5208
5279
5100
5479
5074
5691
4956
4879
5214
4823
4995
5428
4392
4721
5722
5206
4903
4806
5313
5299
4820
4760
5151
5350
4893
5347
4886
5189
5027
5317
5537
5223
4719
5293
5545
4993
5090
5227
4821
4810
4790
5344
5217
5098
4695
5204
4559
5153
5509
5126
5069
5529
4654
5381
4755
4985
5479
4568
5078
5048
5062
4788
5021
5023
5309
5002
4654
5028
5144
4665
5160
5073
5096
4983
5395
4996
4972
4763
4898
4555
5533
4988
4821
5201
5804
5304
5096
5122
5177
4501
5095
4905
5344
5606
5039
5371
5059
5513
4726
4762
4538
5530
5085
4969
5092
5186
5103
4959
5132
5130
4825
4936
4618
5116
4960
4971
5082
5180
5485
5023
5017
4799
4779
5055
4998
4894
4645
4884
5118
4896
4894
4419
5179
5364
4811
5163
5187
4707
4502
5193
5039
4859
5079
4866
4989
5170
4824
5153
5091
4670
5126
4586
4663
4773
5230
4804
5213
4813
5187
5125
5289
5200
5536
5035
5196
5328
5183
5031
4572
4692
4983
5166
4512
4748
4924
4754
5357
5072
5098
5202
4687
5303
5469
4754
5305
5054
5332
5339
4592
5084
5428
4896
5289
5473
4852
5261
5033
4955
4649
5237
4699
5420
4967
5041
4662
5044
4883
4783
4920
5537
4895
4722
4775
5066
5475
4657
5312
5097
4951
4583
4937
5370
4727
4892
5119
5394
4851
5437
5447
5288
5129
4982
5379
4760
5538
5183
5374
4625
5162
5006
5070
5186
5396
4600
4870
4981
4797
5673
5467
4923
5271
5067
5186
4992
5625
5328
4971
5445
5000
6073
4655
5032
4443
4848
5448
5012
5545
5285
4866
4846
4972
5220
5220
4986
4576
4629
4980
5236
4842
4548
4910
5067
4704
5124
5043
4639
5473
5259
5349
5151
5351
5266
5192
5736
5000
5302
4959
5437
4862
4670
4835
4900
4908
5074
5152
5053
5518
4537
5212
5348
4697
5467
5021
5124
4998
5003
5503
4801
4770
5037
5412
4618
4909
4706
5000
4877
5036
5361
5279
5113
4749
5111
5048
5352
4784
4471
4896
5360
5348
5127
5306
5097
5361
5516
4941
4960
4654
5537
4765
5497
5105
5201
5091
5503
4856
5128
5322
4899
4912
4673
4987
4949
5096
5637
5232
5329
5174
5482
5242
5238
4803
4767
5168
4983
5130
4684
4324
5177
5255
5111
5205
5547
5221
4946
4846
4690
5434
5253
4627
4605
5121
4775
5044
5821
4939
5315
5240
4913
4756
4876
5067
5040
4590
4422
5183
5014
5112
4864
4662
5055
5015
5373
5390
4673
5026
4718
5242
4563
4774
5008
4673
5113
5307
5465
4840
5469
4677
4824
4911
4914
5216
4710
4652
5590
5024
5010
4543
5097
5454
5131
5795
4812
4965
4879
5441
5631
5171
4475
5607
5033
5103
5208
4921
5324
4619
4848
5046
5045
5543
5397
4798
4812
5055
5283
5036
4935
4834
5269
5454
5145
4674
4764
4430
4979
4608
5372
4389
4893
5042
4691
5381
5249
4693
5624
5328
4509
5089
4837
4828
4874
5388
5500
4603
5007
5521
4962
4737
4576
5246
5089
5307
5362
5060
4406
4824
4661
5099
4709
4919
4903
4742
5058
5398
5127
4487
5198
5028
5153
5187
5145
4783
5193
4905
5395
5438
4751
5023
4819
5217
5025
5164
4978
4706
5166
5366
4858
5183
4848
5512
5088
4652
4899
4877
4783
5793
5226
4995
4911
5228
4728
5119
4820
5315
4137
5253
5565
4920
5230
4923
5210
4885
4950
5188
5220
5065
4772
5039
5060
4669
5042
5239
5080
5296
4867
5050
4692
4644
5454
5630
5347
5331
5060
5121
5033
4635
4868
4932
5329
5173
4993
5471
5440
4527
5636
5346
4908
5196
4514
5213
4666
4793
4967
4793
4495
5213
5314
5068
5564
5416
4929
4998
4824
5002
4694
5121
5345
4842
5153
5028
5130
5098
4719
5177
5067
4564
5168
4952
5087
4762
5025
4979
4693
5192
4750
5412
5273
4961
4745
5377
5098
5285
4974
5013
5290
4992
4998
5006
5403
5762
4821
4936
5839
5096
5105
5159
5106
5294
5400
5024
4736
5484
4887
5435
4981
4940
5093
5150
5182
5264
5281
5073
4851
4813
5457
5258
5638
4776
5008
4598
5274
4573
5941
4462
5233
5252
5022
4833
5611
4385
4566
5241
4973
4874
5158
5139
5476
4670
5239
4929
4976
5009
5143
4882
4867
4868
5022
5452
4551
4733
5333
4787
4874
5273
5507
5344
4924
4581
5480
5100
5360
4830
5806
5302
4884
5062
4655
4790
5047
5438
5238
4774
4842
5617
5403
4878
4815
4841
5157
4582
5297
4666
5106
5407
5054
4897
5215
5602
5580
4710
5216
5252
5186
5319
5126
5430
5325
4852
4951
4969
5626
5281
5145
5372
4325
5419
5084
4813
5139
5478
4632
5405
5047
4842
5092
5313
4836
5053
4726
4596
5015
5268
4884
4680
5561
5216
5416
4953
5056
5203
4832
4776
4830
5542
5207
5177
5039
5371
5405
4683
5138
5043
5311
4943
4556
5397
5219
4896
5058
4412
5035
4921
4883
4782
5140
5322
5114
5365
5401
5237
4917
5475
5050
4596
5249
4494
5217
5363
5021
5200
5061
4432
4952
5102
4753
5876
4708
4935
5373
5195
5084
4863
4813
4901
4834
5698
4836
5511
5177
5358
4708
4878
4629
5047
4675
5556
4794
4829
5163
5132
4799
5066
5131
4838
4734
5267
5244
5153
5326
5095
5111
4665
5129
4912
5371
4804
5345
4952
5190
5071
4976
4757
5209
5081
4717
4864
4611
5303
5180
5363
5016
5051
5302
5286
5011
5135
5094
4868
5461
4531
5580
4939
4813
5256
5102
4692
5244
4861
5167
4533
4635
4570
4752
5318
4737
4838
5024
5280
5148
4827
4938
5201
5116
5047
4680
5134
4608
5074
5214
5212
5253
4783
5225
5245
4626
4583
5052
4937
5511
5506
4850
4939
4877
5342
5148
4532
4907
5216
5423
5332
4890
4890
5529
5567
5265
5114
5347
5064
5200
4949
4649
5088
4495
4901
4905
4903
5050
4840
4901
5061
5142
4998
5145
4978
4643
5028
5060
5279
4857
4541
5368
5015
5007
5235
4900
5131
5385
5281
5038
5264
5106
4890
5343
5184
4724
5389
4499
4526
5474
4948
4652
5380
5209
4760
4660
5054
5028
5123
5501
4712
4926
4450
4615
4917
5275
4823
5056
5091
5119
4809
5011
5074
4637
4783
5031
5319
5036
4876
5438
5263
4676
5256
5635
5062
5196
5200
5193
5362
4821
5059
5219
5185
5162
4561
5142
5317
5022
4675
4989
5333
5188
5315
4531
5114
4511
4798
5148
5605
4846
5169
4563
5151
5037
4541
4545
4492
5345
5492
5444
4950
4533
5322
5218
5039
5115
5310
5285
5010
4773
4919
4957
4842
5017
4942
4943
5188
4593
5328
5470
4741
5143
4916
5289
5131
5525
5054
4869
4948
5537
5239
4944
4757
4707
4788
5169
5017
5045
4581
5116
5665
