1 500
2 493
3 488
4 488
5 487
6 482
7 476
8 485
9 478
10 484
11 474
12 480
13 486
14 476
15 486
16 484
17 491
18 490
19 486
20 491
21 490
22 488
23 484
24 491
25 501
26 510
27 520
28 511
29 521
30 522
31 528
32 533
33 538
34 548
35 554
36 557
37 567
38 558
39 561
40 552
41 552
42 554
43 556
44 560
45 562
46 568
47 562
48 555
49 558
50 548
51 554
52 560
53 568
54 570
55 580
56 584
57 574
58 570
59 580
60 587
61 580
62 586
63 585
64 583
65 579
66 578
67 587
68 577
69 573
70 566
71 564
72 556
73 561
74 565
75 566
76 560
77 564
78 556
79 549
80 545
81 553
82 553
83 555
84 546
85 544
86 535
87 543
88 553
89 555
90 555
91 552
92 545
93 545
94 550
95 548
96 538
97 541
98 536
99 546
100 553
